oc1 = [142,210,278,346,414,482,550,614,686,754,822,886,954,1030,1094,1158,1227,1298,1366,1434,1498,1570,1638,1702,1772,1842,1906,1974,2050,2115,2189,2250,2314,2384,2460,2527,2586,2665,2730,2790,2862,2927,2990,3062,3126,3205,3270,3338,3401,3479,3542,3610,3678,3746,3814,3882,3952,4010,4083,4164,4219,4292,4368,4422,4497,4566,4631,4687,4768,4834,4894,4972,5041,5095,5182,5244,5311,5380,5446,5520,5585,5651,5707,5788,5857,5923,5999,6053,6113,6183,6251,6332,6392,6468,6538,6602,6670,6723,6806,6874,6934,7012,7080,7142,7214,7277,7350,7415,7473,7556,7622,7686,7758,7824,7894,7962,8028,8099,8166,8222,8299,8370,8438,8492,8573,8632,8702,8781,8846,8915,8987,9054,9107,9186,9254,9309,9393,9458,9514,9594,9671,9719,9795,9856,9919,9992,10074,10129,10206,10274,10342,10420,10478,10546,10606,10672,10750,10825,10886,10955,11022,11098,11158,11233,11294,11362,11427,11495,11570,11638,11711,11773,11839,11906,11968,12042,12119,12174,12249,12302,12380,12450,12518,12572,12654,12730,12790,12852,12916,12994,13058,13134,13189,13266,13335,13402,13470,13542,13597,13664,13732,13814,13875,13942,14014,14088,14141,14215,14286,14360,14427,14480,14562,14630,14694,14770,14821,14907,14974,15023,15102,15170,15227,15315,15363,15442,15497,15582,15646,15700,15771,15840,15918,15971,16054,16122,16191,16254,16321,16397,16462,16530,16598,16653,16734,16807,16877,16938,17006,17064,17143,17210,17278,17342,17419,17482,17550,17603,17673,17761,17823,17890,17958,18026,18094,18163,18230,18298,18356,18426,18493,18576,18625,18706,18780,18849,18896,18964,19045,19121,19180,19250,19318,19383,19444,19527,19596,19658,19731,19800,19868,19916,19998,20062,20129,20201,20275,20338,20395,20474,20531,20603,20670,20746,20814,20872,20957,21023,21079,21153,21207,21290,21358,21423,21485,21552,21637,21691,21772,21819,21902,21975,22035,22106,22179,22234,22316,22370,22445,22504,22582,22642,22718,22786,22845,22922,22990,23048,23125,23186,23268,23316,23404,23471,23537,23594,23669,23738,23815,23867,23933,24010,24086,24139,24219,24272,24335,24409,24484,24559,24622,24687,24750,24825,24885,24948,25030,25083,25158,25227,25308,25370,25428,25506,25559,25640,25718,25777,25852,25918,25982,26050,26118,26196,26254,26326,26390,26458,26516,26593,26662,26734,26790,26872,26926,26995,27070,27148,27206,27274,27351,27401,27485,27537,27605,27674,27748,27825,27886,27956,28015,28090,28153,28226,28294,28370,28436,28490,28570,28625,28694,28763,28829,28898,28980,29042,29110,29168,29238,29314,29374,29441,29511,29572,29656,29722,29790,29854,29926,29984,30055,30134,30196,30264,30334,30402,30479,30537,30606,30674,30742,30804,30878,30936,31007,31079,31156,31218,31296,31340,31426,31475,31558,31616,31699,31747,31836,31904,31964,32034,32102,32179,32238,32307,32371,32442,32499,32575,32646,32714,32782,32851,32927,32993,33057,33111,33190,33260,33327,33402,33470,33517,33586,33661,33734,33790,33863,33933,34011,34061,34131,34210,34280,34354,34410,34489,34545,34611,34687,34741,34822,34892];
oc2 = [142,210,278,346,414,482,550,618,686,754,822,890,962,1026,1094,1162,1230,1298,1366,1430,1506,1574,1634,1702,1770,1842,1906,1974,2049,2113,2178,2250,2314,2382,2454,2522,2586,2658,2724,2794,2854,2932,2990,3061,3130,3194,3270,3338,3400,3470,3550,3610,3678,3746,3814,3874,3950,4007,4077,4156,4218,4290,4350,4426,4494,4556,4638,4698,4764,4834,4901,4958,5027,5107,5182,5244,5312,5378,5440,5516,5582,5647,5720,5775,5841,5925,5999,6051,6114,6182,6266,6331,6398,6466,6519,6602,6670,6723,6806,6874,6934,7013,7066,7146,7222,7284,7352,7414,7486,7555,7625,7690,7748,7826,7894,7962,8029,8086,8174,8234,8302,8365,8438,8506,8574,8632,8710,8781,8846,8916,8982,9059,9118,9194,9254,9310,9394,9458,9515,9597,9662,9730,9796,9872,9939,9991,10070,10147,10196,10263,10334,10413,10476,10543,10604,10686,10753,10818,10896,10952,11022,11097,11148,11223,11283,11362,11433,11495,11568,11634,11711,11772,11838,11906,11976,12039,12101,12167,12246,12314,12386,12454,12518,12574,12659,12719,12793,12867,12918,12990,13066,13130,13185,13257,13324,13400,13462,13538,13606,13665,13742,13810,13868,13950,14010,14085,14150,14226,14284,14356,14427,14481,14548,14630,14694,14770,14820,14888,14966,15028,15102,15156,15228,15314,15377,15442,15497,15583,15647,15703,15779,15853,15919,15976,16043,16122,16190,16252,16335,16382,16469,16538,16597,16653,16734,16807,16877,16938,17006,17064,17143,17210,17278,17342,17419,17481,17558,17611,17685,17747,17822,17895,17958,18031,18094,18159,18221,18296,18366,18424,18502,18555,18631,18712,18780,18849,18896,18964,19045,19121,19180,19250,19318,19383,19444,19527,19596,19658,19731,19800,19868,19916,19998,20062,20140,20202,20279,20336,20398,20474,20530,20618,20677,20733,20818,20875,20957,21022,21092,21147,21222,21298,21358,21417,21486,21553,21623,21698,21770,21821,21902,21973,22038,22097,22174,22234,22314,22370,22445,22506,22572,22637,22709,22778,22859,22914,22983,23058,23124,23200,23262,23328,23383,23464,23520,23602,23661,23742,23806,23861,23942,24014,24078,24149,24214,24272,24350,24427,24486,24557,24611,24698,24764,24825,24885,24962,25017,25090,25152,25222,25295,25375,25438,25495,25559,25641,25702,25778,25831,25914,25986,26044,26122,26194,26254,26326,26390,26458,26516,26593,26662,26734,26790,26872,26926,26995,27070,27148,27206,27274,27342,27410,27465,27539,27614,27682,27751,27818,27876,27939,28015,28090,28153,28226,28294,28371,28421,28490,28571,28634,28700,28756,28832,28906,28974,29042,29120,29164,29251,29314,29388,29450,29509,29584,29654,29722,29790,29854,29926,29984,30055,30135,30198,30268,30334,30398,30470,30547,30612,30674,30742,30805,30878,30946,31019,31082,31139,31218,31286,31343,31422,31490,31544,31626,31694,31749,31836,31904,31964,32034,32102,32178,32230,32306,32362,32434,32500,32578,32636,32710,32782,32843,32920,32975,33055,33130,33178,33247,33326,33400,33457,33519,33605,33661,33734,33790,33863,33933,33993,34063,34150,34210,34280,34355,34414,34491,34557,34610,34686,34754,34811,34890];
